ticketNo,lotNo,validity,validTill,details,ticketFor,cost
3889989765T,212845,y,4/2/2024,Dolphin Show Voucher (Adult),adult,100
33316906671,212846,y,4/2/2024,Dolphin Show Voucher (Adult),adult,100
34480389556,212847,y,4/2/2024,Dolphin Show Voucher (Adult),adult,100
36194845131,212848,y,4/2/2024,Dolphin Show Voucher (Adult),adult,100
3552291612-,212849,y,4/2/2024,Dolphin Show Voucher (Adult),adult,100
3966623649B,212850,y,4/2/2024,Dolphin Show Voucher (Adult),adult,100
30069948174,212851,y,4/2/2024,Dolphin Show Voucher (Adult),adult,100
3884898070C,212852,y,4/2/2024,Dolphin Show Voucher (Adult),adult,100
3210842918 ,212853,y,4/2/2024,Dolphin Show Voucher (Adult),adult,100
3977403142/,212854,y,4/2/2024,Dolphin Show Voucher (Adult),adult,100
3102563283X,212855,y,4/2/2024,Dolphin Show Voucher (Adult),adult,100
3970762946A,212856,y,4/2/2024,Dolphin Show Voucher (Adult),adult,100
3142236574.,212857,y,4/2/2024,Dolphin Show Voucher (Adult),adult,100
30303887920,212858,y,4/2/2024,Dolphin Show Voucher (Adult),adult,100
37870806938,212859,y,4/2/2024,Dolphin Show Voucher (Adult),adult,100
37494042987,212860,y,4/2/2024,Dolphin Show Voucher (Adult),adult,100
3015170955-,212861,y,4/2/2024,Dolphin Show Voucher (Adult),adult,100
36740655924,212862,y,4/2/2024,Dolphin Show Voucher (Adult),adult,100
3315580818%,212863,y,4/2/2024,Dolphin Show Voucher (Adult),adult,100
36459255938,212864,y,4/2/2024,Dolphin Show Voucher (Adult),adult,100
30493972767,212865,y,4/2/2024,Dolphin Show Voucher (Adult),adult,100
35273584273,212866,y,4/2/2024,Dolphin Show Voucher (Adult),adult,100
33537393968,212867,y,4/2/2024,Dolphin Show Voucher (Adult),adult,100
32287988059,212868,y,4/2/2024,Dolphin Show Voucher (Adult),adult,100
3267606353+,212869,y,4/2/2024,Dolphin Show Voucher (Adult),adult,100
3498091289A,212870,y,4/2/2024,Dolphin Show Voucher (Adult),adult,100
30273398192,212871,y,4/2/2024,Dolphin Show Voucher (Adult),adult,100
3413345230S,212872,y,4/2/2024,Dolphin Show Voucher (Adult),adult,100
33123979442,212873,y,4/2/2024,Dolphin Show Voucher (Adult),adult,100
3605454914+,212874,y,4/2/2024,Dolphin Show Voucher (Adult),adult,100
33755205850,212875,y,4/2/2024,Dolphin Show Voucher (Adult),adult,100
36685016091,212876,y,4/2/2024,Dolphin Show Voucher (Adult),adult,100
3522686979E,212877,y,4/2/2024,Dolphin Show Voucher (Adult),adult,100
33724655495,212878,y,4/2/2024,Dolphin Show Voucher (Adult),adult,100
3037083302T,212879,y,4/2/2024,Dolphin Show Voucher (Adult),adult,100
3661933231.,212880,y,4/2/2024,Dolphin Show Voucher (Adult),adult,100
3313540822V,212881,y,4/2/2024,Dolphin Show Voucher (Adult),adult,100
38926792238,212882,y,4/2/2024,Dolphin Show Voucher (Adult),adult,100
3075290357+,212883,y,4/2/2024,Dolphin Show Voucher (Adult),adult,100
3050684662/,212884,y,4/2/2024,Dolphin Show Voucher (Adult),adult,100
30887620450,212885,y,4/2/2024,Dolphin Show Voucher (Adult),adult,100
34469812532,212886,y,4/2/2024,Dolphin Show Voucher (Adult),adult,100
38366373411,212887,y,4/2/2024,Dolphin Show Voucher (Adult),adult,100
3664265028%,212888,y,4/2/2024,Dolphin Show Voucher (Adult),adult,100
3552811573/,212889,y,4/2/2024,Dolphin Show Voucher (Adult),adult,100
39752382220,212890,y,4/2/2024,Dolphin Show Voucher (Adult),adult,100
34921129660,212891,y,4/2/2024,Dolphin Show Voucher (Adult),adult,100
3552965121$,212892,y,4/2/2024,Dolphin Show Voucher (Adult),adult,100
37736358526,212893,y,4/2/2024,Dolphin Show Voucher (Adult),adult,100
32486919289,212894,y,4/2/2024,Dolphin Show Voucher (Adult),adult,100
37960360584,212895,y,4/2/2024,Dolphin Show Voucher (Adult),adult,100
37507529656,212896,y,4/2/2024,Dolphin Show Voucher (Adult),adult,100
35207892070,212897,y,4/2/2024,Dolphin Show Voucher (Adult),adult,100
3134033097X,212898,y,4/2/2024,Dolphin Show Voucher (Adult),adult,100
38239971289,212899,y,4/2/2024,Dolphin Show Voucher (Adult),adult,100
38135996348,212900,y,4/2/2024,Dolphin Show Voucher (Adult),adult,100
36712647193,212901,y,4/2/2024,Dolphin Show Voucher (Adult),adult,100
3982842999K,212902,y,4/2/2024,Dolphin Show Voucher (Adult),adult,100
3590134780/,212903,y,4/2/2024,Dolphin Show Voucher (Adult),adult,100
33933467779,212904,y,4/2/2024,Dolphin Show Voucher (Adult),adult,100
38388150687,212905,y,4/2/2024,Dolphin Show Voucher (Adult),adult,100
31549133860,212906,y,4/2/2024,Dolphin Show Voucher (Adult),adult,100
3808714080$,212907,y,4/2/2024,Dolphin Show Voucher (Adult),adult,100
3554768765D,212908,y,4/2/2024,Dolphin Show Voucher (Adult),adult,100
3055603843.,212909,y,4/2/2024,Dolphin Show Voucher (Adult),adult,100
3701820451V,212910,y,4/2/2024,Dolphin Show Voucher (Adult),adult,100
39797462318,212911,y,4/2/2024,Dolphin Show Voucher (Adult),adult,100
3526411127W,212912,y,4/2/2024,Dolphin Show Voucher (Adult),adult,100
3516307541Z,212913,y,4/2/2024,Dolphin Show Voucher (Adult),adult,100
37061455671,212914,y,4/2/2024,Dolphin Show Voucher (Adult),adult,100
3597594833D,212915,y,4/2/2024,Dolphin Show Voucher (Adult),adult,100
3981364062%,212916,y,4/2/2024,Dolphin Show Voucher (Adult),adult,100
35040399943,212917,y,4/2/2024,Dolphin Show Voucher (Adult),adult,100
3520175837+,212918,y,4/2/2024,Dolphin Show Voucher (Adult),adult,100
31324985664,212919,y,4/2/2024,Dolphin Show Voucher (Adult),adult,100
3005163174U,212920,y,4/2/2024,Dolphin Show Voucher (Adult),adult,100
3985875468K,212921,y,4/2/2024,Dolphin Show Voucher (Adult),adult,100
3997891292G,212922,y,4/2/2024,Dolphin Show Voucher (Adult),adult,100
37057872455,212923,y,4/2/2024,Dolphin Show Voucher (Adult),adult,100
3147618522$,212924,y,4/2/2024,Dolphin Show Voucher (Adult),adult,100
33750952810,212925,y,4/2/2024,Dolphin Show Voucher (Child),child,100
3142410357U,212926,y,4/2/2024,Dolphin Show Voucher (Child),child,100
3161227473-,212927,y,4/2/2024,Dolphin Show Voucher (Child),child,100
30509973081,212928,y,4/2/2024,Dolphin Show Voucher (Child),child,100
3032309858+,212929,y,4/2/2024,Dolphin Show Voucher (Child),child,100
3108091242U,212930,y,4/2/2024,Dolphin Show Voucher (Child),child,100
3399111031V,212931,y,4/2/2024,Dolphin Show Voucher (Child),child,100
3180385341-,212932,y,4/2/2024,Dolphin Show Voucher (Child),child,100
3597629763E,212933,y,4/2/2024,Dolphin Show Voucher (Child),child,100
33659470453,212934,y,4/2/2024,Dolphin Show Voucher (Child),child,100
3675362511$,212935,y,4/2/2024,Dolphin Show Voucher (Child),child,100
3040676801Z,212936,y,4/2/2024,Dolphin Show Voucher (Child),child,100
3010872909$,212937,y,4/2/2024,Dolphin Show Voucher (Child),child,100
3698292993H,212938,y,4/2/2024,Dolphin Show Voucher (Child),child,100
39475690224,212939,y,4/2/2024,Dolphin Show Voucher (Child),child,100
31507457773,212940,y,4/2/2024,Dolphin Show Voucher (Child),child,100
3052186014U,212941,y,4/2/2024,Dolphin Show Voucher (Child),child,100
30883148495,212942,y,4/2/2024,Dolphin Show Voucher (Child),child,100
3572225271-,212943,y,4/2/2024,Dolphin Show Voucher (Child),child,100
38405545876,212944,y,4/2/2024,Dolphin Show Voucher (Child),child,100